64.97
55.81
50.44
51.44
49.38
56.16
75.29
81.71
82.08
69.23
55.54
49.26
47.64
48.37
61.85
78.76
87.83
92.19
100.75
95.09
62.82
54.43
40.07
21.43
24.51
19.34
17.99
17.41
20.03
43.60
93.03
117.23
88.71
74.05
63.56
64.67
65.12
64.08
73.32
87.46
122.75
145.98
116.96
109.30
92.16
78.55
72.27
57.04
15.17
11.47
10.00
5.73
9.73
23.60
70.30
115.54
97.48
89.59
84.42
76.97
70.33
70.00
76.38
110.27
116.13
128.73
122.60
95.08
78.65
54.48
45.53
23.34
45.72
32.06
30.00
22.01
19.19
15.40
16.13
25.08
25.85
20.00
13.95
15.20
20.00
21.14
30.79
41.92
61.31
65.57
57.83
35.75
20.02
17.72
11.73
7.05
8.71
6.59
5.18
2.98
4.24
7.99
8.22
15.08
19.84
26.67
39.42
40.13
36.98
24.62
32.21
49.86
64.87
73.44
76.31
63.28
46.86
27.30
22.86
16.42
6.35
3.00
1.28
0.89
4.30
16.93
82.67
110.50
99.29
75.56
60.37
56.42
58.05
66.98
97.91
125.72
147.13
157.22
161.22
149.92
127.42
119.88
110.03
91.30
81.88
78.80
71.42
68.01
70.25
88.15
125.11
135.10
144.17
129.46
100.01
89.03
86.21
88.79
128.39
135.00
150.35
163.20
165.81
149.68
130.00
92.98
95.14
80.13
80.94
75.70
78.01
65.98
66.76
75.01
88.87
110.72
111.47
95.30
86.66
78.85
78.39
82.78
92.23
105.96
124.45
129.26
130.86
124.44
116.41
95.27
86.43
73.08
74.46
69.72
70.78
73.82
75.74
83.98
109.61
120.06
122.85
110.45
100.08
95.00
90.16
92.32
100.61
116.30
138.86
139.31
130.29
113.13
100.01
86.19
84.04
74.36
65.85
59.75
53.74
48.36
50.00
77.23
97.40
110.49
113.00
110.63
99.27
98.94
101.25
109.16
116.04
119.96
129.23
134.77
135.10
123.58
112.93
105.10
103.97
93.20
87.30
85.89
85.88
83.21
82.71
85.44
86.30
88.00
92.00
94.89
91.28
90.22
87.94
87.80
91.50
102.87
116.31
127.98
135.76
124.47
113.51
102.58
92.38
87.41
88.66
85.36
83.41
81.14
76.52
83.60
83.96
84.16
86.45
89.75
88.49
85.99
88.09
86.41
89.97
106.83
119.22
127.32
128.71
120.82
110.21
107.33
100.14
88.02
91.26
86.82
87.00
86.24
84.89
89.55
116.26
133.60
144.46
126.81
119.13
117.51
114.50
113.67
119.09
129.55
134.91
149.43
150.32
145.30
107.52
93.71
77.00
28.26
33.57
22.14
18.01
14.84
14.73
34.73
94.11
104.33
99.98
88.25
76.90
72.82
77.67
82.94
88.54
101.58
111.93
123.40
125.08
117.64
106.61
100.31
89.83
85.50
81.10
76.42
72.90
70.69
74.45
90.57
106.70
128.40
128.54
119.61
109.86
97.75
95.04
97.91
101.76
116.68
126.88
136.84
129.90
121.20
111.67
99.70
91.66
84.21
85.47
83.26
76.89
75.51
81.66
91.44
109.01
126.90
129.99
128.59
120.10
116.62
122.63
125.77
135.27
149.44
166.01
179.99
159.40
127.65
121.30
115.00
110.20
100.85
106.00
100.00
96.03
92.77
95.70
103.20
124.40
131.03
141.92
134.75
127.52
126.02
120.26
120.37
123.91
129.63
135.71
146.32
158.67
150.03
129.98
122.40
123.58
119.37
110.56
97.38
90.61
85.01
81.21
82.42
84.54
92.08
97.98
94.12
89.20
85.35
87.17
87.06
90.95
102.98
110.05
118.46
117.88
106.46
97.55
81.52
73.08
55.42
23.18
8.61
4.10
0.13
0.07
0.09
2.33
5.59
14.42
18.14
12.62
12.68
11.70
20.75
37.56
70.71
93.10
96.19
106.38
105.78
93.10
86.31
88.05
80.05
68.30
62.68
59.91
57.67
63.43
80.43
107.77
132.08
131.42
123.23
114.68
112.63
108.44
116.61
124.62
129.91
137.93
141.16
139.98
131.66
120.55
107.01
108.05
97.88
102.75
98.20
96.12
91.17
95.06
102.00
123.76
134.71
139.70
136.16
135.00
134.20
138.02
137.31
137.87
140.39
142.19
145.77
142.08
132.35
124.79
110.52
110.91
98.04
98.00
95.01
95.01
92.00
92.47
94.61
119.29
135.00
147.28
129.73
113.15
100.93
91.39
101.62
123.02
127.00
134.67
134.86
129.89
119.69
109.02
92.07
92.86
78.57
64.97
46.05
41.12
30.13
46.30
83.52
112.86
140.00
144.44
114.59
99.14
90.48
86.71
107.41
128.00
136.30
158.36
143.70
129.06
112.16
104.54
87.87
65.61
31.43
20.76
13.34
9.11
3.70
8.58
34.24
80.52
118.89
125.43
108.23
99.37
90.95
94.01
101.74
115.92
127.20
144.47
134.57
140.26
117.02
104.35
90.49
85.68
79.65
78.07
74.03
72.07
71.61
69.99
74.19
79.81
87.08
94.29
93.19
89.17
87.06
85.92
84.10
90.09
100.01
116.25
124.10
128.00
127.19
121.60
114.40
110.01
97.71
94.23
54.27
44.99
42.63
51.27
49.96
94.46
113.27
92.90
94.08
90.27
93.17
95.00
101.64
115.10
123.26
134.15
144.58
148.30
143.33
135.91
122.41
118.99
101.58
97.31
92.24
89.90
88.82
87.91
94.09
122.01
138.11
144.99
139.41
138.00
136.94
133.97
132.67
137.15
143.81
161.10
163.68
145.78
134.43
121.80
105.95
98.25
85.08
77.74
70.49
67.47
64.09
68.29
80.89
101.30
127.14
138.76
142.74
138.33
138.52
135.75
137.74
142.77
150.00
164.01
189.98
177.00
158.55
137.27
124.94
112.77
100.60
98.25
92.07
93.52
94.94
86.33
95.70
118.19
139.60
151.60
144.23
133.75
129.55
128.64
133.32
147.88
168.00
200.00
250.00
250.00
200.00
161.00
139.01
128.50
114.27
104.79
104.52
102.20
100.00
101.63
106.30
129.41
